100010000010100000000000000000000000000000000000000000000000000000000000
100010000010100000000000000000000000000000000000000000010000000000000001
100010000010100000000000000000000000000000000000000000100000000000000010
100010000010100000000000000000000000000000000000000000110000000000000011
100010000010100000000000000000000000000000000000000001010000000000001010
100010000010100000000000000000000000000000000000000001100000000000001011
100010000010100000000000000000000000000000000000000001110000000000001100
100010000010100000000000000000000000000000000000000010010000000000001111
100010000010100000000000000000000000000000000000000010100000000000010000
100010000010100000000000000000000000000000000000000010110000000000010001
100010000010100000000000000000000000000000000000000011000000000000010010
100010000010100000000000000000000000000000000000000011010000000000010011
100010000010100000000000000000000000000000000000000011100000000000010100
100010000010100000000000000000000000000000000000000011110000000000010101
100010000010100000000000000000000000000000000000000100000000000000010110
100010000010100000000000000000000000000000000000000100010000000000010111
100010000010100000000000000000000000000000000000000100100000000000011000
100010000010100000000000000000000000000000000000000100110000000000011001
100010000010100000000000000000000000000000000000000101000000000000011010
100010000010100000000000000000000000000000000000000101010000000000011011
100010000010100000000000000000000000000000000000000101100000000000011100
000000000000000000000000000000000000000000000000000000000000000000000000
000000000000000000000000000000000000000000000000000000000000000000000000
000000000000000000000000000000000000000000000000000000000000000000000000
000000000000000000000000000000000000000000000000000000000000000000000000
000000000000000000000000000000000000000000000000000000000000000000000000
000000000000000000000000000000000000000000000000000000000000000000000000
000000000000000000000000000000000000000000000000000000000000000000000000
000000000000000000000000000000000000000000000000000000000000000000000000
000000000000000000000000000000000000000000000000000000000000000000000000
000000000000000000000000000000000000000000000000000000000000000000000000
000000000000000000000000000000000000000000000000000000000000000000000000
