100010100010000000000000000000000000000000000000000000000000000000000100
100010100010000000000000000000000000000000000000000000010000000000000101
100010100010000000000000000000000000000000000000000000100000000000000110
100010100010000000000000000000000000000000000000000100110000000000011101
100010100010000000000000000000000000000000000000000101000000000000011110
100010100010000000000000000000000000000000000000000101010000000000011111
100010100010000000000000000000000000000000000000000101100000000000100000
100010100010000000000000000000000000000000000000000101110000000000100101
100010100010000000000000000000000000000000000000000110000000000000100110
100010100010000000000000000000000000000000000000000110010000000000100111
100010100010000000000000000000000000000000000000000110100000000000101000
000000000000000000000000000000000000000000000000000000000000000000000000
000000000000000000000000000000000000000000000000000000000000000000000000
000000000000000000000000000000000000000000000000000000000000000000000000
000000000000000000000000000000000000000000000000000000000000000000000000
000000000000000000000000000000000000000000000000000000000000000000000000
000000000000000000000000000000000000000000000000000000000000000000000000
000000000000000000000000000000000000000000000000000000000000000000000000
000000000000000000000000000000000000000000000000000000000000000000000000
000000000000000000000000000000000000000000000000000000000000000000000000
000000000000000000000000000000000000000000000000000000000000000000000000
000000000000000000000000000000000000000000000000000000000000000000000000
000000000000000000000000000000000000000000000000000000000000000000000000
000000000000000000000000000000000000000000000000000000000000000000000000
000000000000000000000000000000000000000000000000000000000000000000000000
000000000000000000000000000000000000000000000000000000000000000000000000
000000000000000000000000000000000000000000000000000000000000000000000000
000000000000000000000000000000000000000000000000000000000000000000000000
000000000000000000000000000000000000000000000000000000000000000000000000
000000000000000000000000000000000000000000000000000000000000000000000000
000000000000000000000000000000000000000000000000000000000000000000000000
000000000000000000000000000000000000000000000000000000000000000000000000
